100307
100408
100610
101915
102311
102816
103414
103515
103818
104416
105115
105216
105923
106016
106319
108323
109123
110411
111009
111312
111514
111716
113619
114823
114924
115017
115320
115825
116726
117122
117324
118225
118730
118932
120111
120212
122317
123117
124422
125525
126325
126426
127933
128632
128935
129028
130013
130114
130316
130518
130922
131217
131722
131924
132118
133625
133827
133928
134324
134627
134829
135124
135932
136833
137128
138231
138534
139637
140117
140824
142828
143325
144226
145834
146129
146432
146735
146937
148032
148133
148335
149337
149539
151223
151526
151627
153025
153429
154431
155938
156334
156637
157336
158035
158136
158540
159239
159340
160123
161731
162329
162733
162935
163129
163432
164131
164636
165436
165840
167036
167440
167743
169040
169343
169444
171633
172130
172332
173334
175237
175439
176542
177140
177645
177746
178142
178243
178647
178950
180533
181232
181636
182436
182739
182840
185139
185442
187345
188347
189450
190031
191033
191336
191437
191841
192439
192540
192641
193239
193845
194140
195041
195647
196144
196750
197348
197550
198451
198653
199150
199251
199655
200311
200614
201111
201414
201515
203418
204521
205119
205220
205725
205826
208226
209228
209935
210617
211417
211720
212318
212419
214019
214221
214423
214524
217126
217429
221319
224022
233326
239136
239944
245333
246133
249947
250427
251833
255639
257845
263436
280739
283543
293748
298051
304020
307127
318637
320826
329440
330324
346137
352738
360030
365343
366446
371843
380036
381038
385046
389357
390645
393247
395756
397760
401422
406836
412528
414229
429040
436845
448347
463040
467351
485757
497865
499566
525541
530635
536647
541943
545345
547046
552241
552544
559053
561242
562345
570243
572045
573249
579665
581349
581450
585256
585862
586460
598568
601127
617748
627549
638049
645551
654552
654754
665254
671855
672756
677968
680957
685058
690152
702133
704238
705341
706040
713239
715647
724446
725751
727654
729557
732243
734045
748258
749361
751348
753251
756055
757764
761957
765056
765864
770352
771354
782561
783462
788876
789373
792564
814649
818859
825048
826353
833249
856766
857263
859671
861456
865363
871762
871964
872158
872764
877168
878776
878877
885975
887373
889579
894673
896778
896879
898176
899885
901139
901442
904044
905147
910241
917255
926862
927359
932554
937160
942658
943862
951457
958976
959574
966975
971160
978578
984472
